# GTOC13 Solution File
# body_id, flag, epoch(s), x(km), y(km), z(km), vx(km/s), vy(km/s), vz(km/s), c1, c2, c3
0, 0, 315576000.000000, -29919574138.200005, 0.000000, 0.000000, 3.051248862, 0.072154374, 0.001476875, 0.000000000, 0.000000000, 0.000000000
0, 0, 1577880000.000000, -149899462.261564, 97078545.286615, 1987029.377644, 38.136461683, -10.296261593, -0.210746609, 0.000000000, 0.000000000, 0.000000000
3, 1, 1577880000.000000, -149899462.261564, 97078545.286615, 1987029.377644, 38.136461683, -10.296261593, -0.210746609, 53.466295852, 13.135832383, -0.588785235
3, 1, 1577880000.000000, -149899462.261564, 97078545.286615, 1987029.377644, 38.139138024, -10.295604058, 0.585879653, 53.468972193, 13.136489918, 0.207841028
0, 0, 1577880000.000000, -149899462.261564, 97078545.286615, 1987029.377644, 38.139138024, -10.295604058, 0.585879653, 0.000000000, 0.000000000, 0.000000000
0, 0, 2524608000.000000, 674041859.291016, 861059614.142200, 0.000000, 13.839948511, 7.861514720, -0.067607829, 0.000000000, 0.000000000, 0.000000000
5, 1, 2524608000.000000, 674041859.291016, 861059614.142200, 0.000000, 13.839948511, 7.861514720, -0.067607829, 22.344612159, 0.244557870, -0.067607829
5, 1, 2524608000.000000, 674041859.291016, 861059614.142200, 0.000000, 10.370930693, 7.823546927, 11.958901735, 18.875594341, 0.206590077, 11.958901735
